// . \ quantifiers anchors


15046
19806
19407
16688
14195
14448
1.5773
17571
19536
19093
14548
16240
11905
19961
19697
17995
12097
15379
14494
18050
12578
11941
16656
10374
19473
11207
15189
14165
16471
14420
10160
10241
19889
11329
12697
11133
16342
10650
15949
12751
18415
13851
11036
12933
15743
19395
15866
19611
10656
16113
19981
16441
19064
13817
18759
15734
12126
16538
18551
14109
13141
19559
10977
19098
18756
13481
17283
13261
15862
17059
13277
13850
18661
14676
15233
11857
10773
14204
17344
16603
17202
12146
16703
14998
17455
19832
10290
13744
12530
19076
15827
14010
16903
12722
18077
15764
10719
10238
18459
13256
16873
11435
18980
19378
11368
11137
13258
15819
18080
19221
10798
12516
17200
18694
17377
10805
10950
12307
15569
18621
19074
14790
17258
17636
14407
12254
17900
16969
12800
14193
17719
15946
13358
18036
18915
11760
14073
10865
13568
12768
15469
12114
14168
16280
15746
18876
14456
13247
12266
13695
10766
19146
19494
16511
11090
12690
13520
19347
19887
13246
16858
16728
18978
17720
19103
13637
12952
19295
19004
15264
10591
18610
15085
15395
17998
17408
14614
13644
16194
12120
15704
16037
13296
13059
14065
13399
15881
10492
14723
17851
11433
10565
11209
14710
12714
18946
16769
13443
17686
10090
15142
11580
10879
11218
11146
11129
17952
15028
12518
11038
15466
19544
12914
15092
13212
15191
13653
17683
13593
12555
15885
10338
18363
19798
16251
17671
18066
13334
18372
19162
16513
10840
18640
17448
13041
15116
19840
15112
18933
10056
10141
11611
13502
10979
111

13165
11827
19943
18241
15529
1
12546
16532
10405
17494
10730
17861
14244
16282
14906
18735
14773
12282
16157
16851
13461
15229
18969
18683
19266
17745
18590
11301
16429
18722
10825
18106
16640
12452
18952
13756
17957
12860
13132
14263
13640
16364
12333
16332
13134
14632
11858
13403
10907
14177
10303
14746
18698
15797
10705
14041
17070
16306
17035
19282
12961
13010
14747
12571
16577
11309
15209
12230
18019
12274
10506
10721
12686
16620
15687
10202
18635
19223
16144
11701
15270
17889
14498
10792
12142
13123
15426
17288
17739
17305
11552
19311
11142
16774
18688
14257
15914
15197
12413
14726
19458
17271
17793
10749
10789
18271
14249
17955
14891
10884
13414
15293
14911
15776
16700
17276
17992
16739
12820
10218
15334
17394
11813
18618
19449
16648
13770
17297
14159
11861
19119
11030
11835
12997
13149
19864
15599
17632
13684
19171
14013
19277
11896
16804
13385
19035
14136
15440
14365
18985
13316
17356
16655
18715
10782
18911
15159
11158
11372
18823
17749
14094
19159
18115
12782
16066
10297
15026
15383
14542
10814
18157
18325
14496
17499
15397
12211
14882
16546
19653
15421
19244
14572
19014
13180
15495
19577
17214
13101
14011
11983
14623
17192
11812
11602
19491
15919
17215
16150
10305
19023
16062
12723
11006
17997
15422
12017
18477
13441
11371
12355
13286
17122
19852
10649
19948
14820
18047
12725
17185
11112


=> 1.5
=> 1\.5
=> ^1
=> 1$
=> ^1{1,}2$
=> ^1{0,}$
=> ^1{0,3}$
=> ^1+$
=> ^1*$
=> ^1?$